Fixed Width Tasks: 211
Variable Width Tasks: 189
Same Size (input=output size): 133
Single Color Change: 52

Fixed width task numbers:
1
3
5
6
7
10
11
12
15
16
17
20
22
26
27
28
30
31
33
34
35
36
37
38
39
40
41
42
43
44
45
47
52
53
54
56
57
59
60
61
62
68
69
70
71
72
73
74
75
78
79
81
83
87
89
93
94
95
99
100
102
103
104
105
107
108
110
111
116
119
121
123
124
125
127
128
129
130
135
136
139
140
142
143
144
146
149
152
153
154
156
157
160
162
163
164
165
167
168
169
172
174
175
179
180
181
182
186
189
190
191
194
200
201
207
208
210
211
212
214
216
217
218
219
221
222
223
225
226
227
228
229
235
236
240
242
247
250
253
254
255
257
260
262
265
266
267
269
270
271
273
277
282
283
287
289
294
296
299
302
304
305
311
312
314
315
316
317
318
320
321
322
323
327
330
331
333
334
336
339
341
342
343
345
347
351
354
356
360
361
362
363
365
368
369
372
373
374
376
380
381
384
385
386
390
392
393
395
397
398
400

Same size task numbers:
5
7
10
11
12
15
16
17
20
27
28
30
33
34
35
37
40
41
42
43
44
45
47
52
53
54
59
60
61
62
68
69
70
71
73
74
75
78
81
87
89
93
94
95
99
102
105
110
119
125
127
128
129
136
139
140
143
154
156
157
160
162
163
165
167
168
169
175
179
181
182
186
190
191
200
208
212
214
217
219
222
225
226
228
229
240
250
254
255
260
262
265
266
267
270
273
277
282
283
287
294
299
302
305
312
314
317
320
322
323
330
331
333
336
341
342
343
345
354
356
361
362
363
368
369
373
374
380
381
385
390
392
397

Single color change task numbers:
7
11
17
27
34
40
42
43
47
60
61
69
70
71
74
75
81
93
94
95
105
110
119
139
143
160
162
175
200
214
219
255
260
265
267
273
282
287
294
299
305
312
320
323
336
341
342
354
362
368
381
397
