Task       Best     Private    Public   Reported Deficit 
----------------------------------------------------
Task 285   1262     -          1262     288    974     
Task 219   1079     -          1090     257    822     
Task 280   965      -          998      179    786     
Task 324   1038     -          1038     259    779     
Task 370   907      -          907      260    647     
Task 154   743      -          743      99     644     
Task 383   724      -          724      121    603     
Task 96    923      -          925      325    598     
Task 209   853      -          1133     273    580     
Task 165   690      -          690      136    554     
Task 182   707      -          707      169    538     
Task 255   779      -          779      242    537     
Task 319   707      -          707      194    513     
Task 364   651      -          651      155    496     
Task 77    597      -          615      126    471     
Task 191   710      -          710      241    469     
Task 205   633      -          633      166    467     
Task 367   586      -          586      129    457     
Task 206   561      -          561      144    417     
Task 99    527      -          539      115    412     
Task 279   507      -          507      107    400     
Task 119   505      -          505      106    399     
Task 71    491      -          497      119    372     
Task 349   583      -          583      214    369     
Task 44    623      -          625      255    368     
Task 89    587      -          591      236    351     
Task 86    510      -          515      172    338     
Task 302   407      -          407      89     318     
Task 204   410      -          410      93     317     
Task 208   525      -          525      215    310     
Task 137   433      -          433      141    292     
Task 394   378      -          378      91     287     
Task 336   379      -          379      93     286     
Task 74    361      -          361      79     282     
Task 330   415      -          415      134    281     
Task 202   376      -          376      102    274     
Task 277   468      -          468      194    274     
Task 64    420      -          427      152    268     
Task 196   379      -          379      112    267     
Task 105   412      -          424      148    264     
Task 54    543      -          549      280    263     
Task 120   357      -          358      97     260     
Task 192   370      -          370      110    260     
Task 379   398      -          398      141    257     
Task 48    346      -          352      92     254     
Task 143   382      -          382      135    247     
Task 5     452      1032       458      206    246     
Task 159   350      -          350      109    241     
Task 251   326      -          326      89     237     
Task 218   288      -          288      56     232     
Task 34    354      -          360      125    229     
Task 49    306      -          308      81     225     
Task 308   449      -          507      226    223     
Task 42    361      -          361      139    222     
Task 134   380      -          380      158    222     
Task 185   365      -          365      143    222     
Task 85    271      -          272      50     221     
Task 387   438      -          504      218    220     
Task 260   352      -          352      135    217     
Task 8     299      392        305      84     215     
Task 245   318      -          318      106    212     
Task 213   302      -          302      92     210     
Task 216   324      -          324      114    210     
Task 242   264      -          264      54     210     
Task 36    284      -          289      75     209     
Task 170   405      -          405      196    209     
Task 18    531      -          618      323    208     
Task 310   283      -          283      78     205     
Task 283   286      -          286      82     204     
Task 400   271      -          271      67     204     
Task 174   300      -          510      97     203     
Task 81    292      -          294      91     201     
Task 197   255      -          255      54     201     
Task 355   298      -          298      98     200     
Task 124   295      -          295      96     199     
Task 153   332      -          332      133    199     
Task 338   263      -          263      64     199     
Task 51    311      -          314      115    196     
Task 88    297      -          307      101    196     
Task 363   408      -          408      213    195     
Task 351   260      -          265      67     193     
Task 377   248      -          248      55     193     
Task 46    362      -          365      170    192     
Task 306   263      -          263      71     192     
Task 145   380      -          380      191    189     
Task 169   318      -          318      129    189     
Task 190   295      -          295      109    186     
Task 178   232      -          232      47     185     
Task 198   306      -          306      122    184     
Task 93    282      -          282      99     183     
Task 76    458      -          1146     276    182     
Task 80    435      -          449      253    182     
Task 50    266      -          273      85     181     
Task 286   290      -          290      109    181     
Task 55    262      -          262      83     179     
Task 110   261      -          263      85     176     
Task 350   267      -          267      91     176     
Task 14    245      285        251      70     175     
Task 168   283      -          283      111    172     
Task 97    279      -          280      108    171     
Task 250   289      -          289      118    171     
Task 359   235      -          235      64     171     
Task 117   335      318        1001     148    170     
Task 33    242      -          245      73     169     
Task 68    285      -          292      116    169     
Task 369   282      -          282      113    169     
Task 35    251      -          256      83     168     
Task 107   328      -          333      162    166     
Task 17    263      404        268      99     164     
Task 62    307      -          317      143    164     
Task 187   256      -          256      92     164     
Task 37    268      -          272      105    163     
Task 138   267      267        1015     104    163     
Task 58    265      -          270      103    162     
Task 313   224      -          228      63     161     
Task 374   273      -          273      112    161     
Task 94    260      -          264      102    158     
Task 396   337      -          337      179    158     
Task 139   251      265        251      94     157     
Task 70    234      -          235      78     156     
Task 92    242      -          242      86     156     
Task 132   242      251        260      86     156     
Task 265   260      -          260      104    156     
Task 195   260      -          260      105    155     
Task 304   247      -          250      92     155     
Task 125   278      -          278      126    152     
Task 148   292      -          292      141    151     
Task 201   359      -          359      208    151     
Task 356   256      -          256      105    151     
Task 362   220      -          227      69     151     
Task 365   262      -          266      111    151     
Task 254   234      -          234      84     150     
Task 323   252      -          252      102    150     
Task 47    204      -          207      55     149     
Task 65    239      -          248      91     148     
Task 222   251      -          252      103    148     
Task 244   212      -          212      64     148     
Task 220   234      -          234      87     147     
Task 317   206      -          206      59     147     
Task 25    276      -          287      131    145     
Task 63    219      -          225      74     145     
Task 228   263      -          263      119    144     
Task 20    289      -          295      146    143     
Task 122   225      -          225      82     143     
Task 147   226      -          226      83     143     
Task 126   196      -          200      54     142     
Task 79    264      -          542      123    141     
Task 141   235      -          235      94     141     
Task 166   201      -          201      61     140     
Task 333   229      -          229      89     140     
Task 352   224      -          224      84     140     
Task 234   256      256        785      118    138     
Task 384   200      -          200      62     138     
Task 75    223      -          225      86     137     
Task 91    199      -          199      63     136     
Task 368   274      -          274      138    136     
Task 131   260      -          260      125    135     
Task 305   192      -          197      57     135     
Task 22    225      -          232      91     134     
Task 378   277      -          277      143    134     
Task 183   226      -          234      93     133     
Task 29    240      -          243      108    132     
Task 30    226      -          227      94     132     
Task 259   217      -          217      85     132     
Task 278   250      -          250      118    132     
Task 207   212      -          212      81     131     
Task 212   236      -          236      105    131     
Task 240   230      -          1108     99     131     
Task 354   227      -          227      96     131     
Task 390   230      230        420      99     131     
Task 264   346      -          346      216    130     
Task 257   203      -          203      74     129     
Task 225   260      -          260      132    128     
Task 273   244      -          244      116    128     
Task 59    283      -          294      156    127     
Task 381   206      -          214      79     127     
Task 128   186      -          189      61     125     
Task 237   192      -          192      67     125     
Task 331   208      -          218      83     125     
Task 90    283      -          290      159    124     
Task 136   229      -          229      105    124     
Task 238   347      347        1178     223    124     
Task 271   209      -          214      86     123     
Task 61    185      185        265      63     122     
Task 346   180      -          182      58     122     
Task 348   216      -          216      94     122     
Task 108   176      -          176      56     120     
Task 156   266      -          266      146    120     
Task 253   249      -          249      129    120     
Task 399   184      -          186      64     120     
Task 23    314      -          474      195    119     
Task 281   264      -          268      145    119     
Task 388   180      -          180      61     119     
Task 161   200      204        320      82     118     
Task 160   222      -          223      105    117     
Task 243   196      -          196      79     117     
Task 358   214      -          220      97     117     
Task 398   193      -          199      77     116     
Task 4     195      317        199      80     115     
Task 13    255      576        258      140    115     
Task 239   214      -          218      99     115     
Task 303   177      -          183      62     115     
Task 127   179      -          185      65     114     
Task 149   188      -          197      75     113     
Task 246   218      -          218      105    113     
Task 344   191      -          195      78     113     
Task 382   247      -          247      134    113     
Task 270   229      -          231      117    112     
Task 268   349      -          1893     239    110     
Task 340   228      -          228      119    109     
Task 109   186      198        208      81     105     
Task 184   205      205        286      100    105     
Task 2     194      194        206      90     104     
Task 163   235      -          237      131    104     
Task 189   215      -          215      111    104     
Task 226   243      -          243      139    104     
Task 341   236      -          236      132    104     
Task 342   214      -          214      111    103     
Task 175   176      -          184      75     101     
Task 214   163      -          166      62     101     
Task 322   149      -          154      48     101     
Task 19    205      205        246      105    100     
Task 230   214      -          214      114    100     
Task 335   207      -          210      107    100     
Task 95    171      -          177      73     98      
Task 224   268      -          268      171    97      
Task 221   183      -          189      87     96      
Task 321   151      -          155      55     96      
Task 274   166      -          166      71     95      
Task 217   189      -          189      95     94      
Task 287   150      -          155      56     94      
Task 247   188      -          188      95     93      
Task 284   313      313        1142     220    93      
Task 314   189      189        487      96     93      
Task 320   161      -          165      68     93      
Task 272   181      -          181      89     92      
Task 397   213      -          213      121    92      
Task 203   155      -          158      64     91      
Task 325   251      -          251      160    91      
Task 357   177      -          180      86     91      
Task 123   165      -          168      75     90      
Task 386   142      -          147      52     90      
Task 15    179      183        196      93     86      
Task 263   208      -          208      122    86      
Task 236   139      -          144      54     85      
Task 299   139      -          143      54     85      
Task 252   141      -          146      57     84      
Task 11    204      296        204      121    83      
Task 24    145      -          145      62     83      
Task 256   178      -          185      95     83      
Task 102   232      232        552      150    82      
Task 193   163      -          163      81     82      
Task 146   139      -          141      58     81      
Task 300   168      -          168      87     81      
Task 7     142      143        142      62     80      
Task 9     189      189        282      109    80      
Task 101   361      361        999      281    80      
Task 199   164      183        169      84     80      
Task 12    205      213        218      127    78      
Task 112   186      234        192      109    77      
Task 232   135      -          140      58     77      
Task 28    139      -          139      63     76      
Task 69    227      -          236      151    76      
Task 176   140      -          146      64     76      
Task 316   146      -          150      71     75      
Task 327   142      -          142      67     75      
Task 334   141      -          141      66     75      
Task 248   146      -          151      72     74      
Task 98    161      165        175      88     73      
Task 233   370      -          370      297    73      
Task 282   156      -          156      83     73      
Task 389   130      -          130      57     73      
Task 266   173      -          178      102    71      
Task 347   121      -          125      50     71      
Task 100   155      -          160      85     70      
Task 104   154      -          158      84     70      
Task 200   153      153        199      84     69      
Task 40    135      135        252      69     66      
Task 275   202      -          204      136    66      
Task 345   156      -          162      90     66      
Task 66    333      333        1180     268    65      
Task 57    108      -          108      48     60      
Task 82    110      -          112      50     60      
Task 312   104      -          107      44     60      
Task 130   124      -          128      65     59      
Task 38    109      -          109      51     58      
Task 158   325      -          325      269    56      
Task 167   127      -          127      71     56      
Task 291   113      -          115      61     52      
Task 295   106      -          106      54     52      
Task 353   144      -          144      92     52      
Task 115   105      105        134      54     51      
Task 162   147      -          152      96     51      
Task 294   121      -          124      70     51      
Task 371   160      -          162      109    51      
Task 293   108      -          108      59     49      
Task 298   104      -          104      55     49      
Task 332   106      -          106      58     48      
Task 186   107      -          107      60     47      
Task 395   98       -          98       53     45      
Task 215   86       -          86       42     44      
Task 290   111      -          111      67     44      
Task 111   102      115        102      60     42      
Task 269   105      -          105      63     42      
Task 391   104      -          104      63     41      
Task 393   104      -          104      63     41      
Task 171   91       97         93       51     40      
Task 343   104      104        453      65     39      
Task 121   127      127        242      89     38      
Task 261   84       -          84       47     37      
Task 296   98       -          98       63     35      
Task 373   73       -          73       39     34      
Task 27    399      136        415      103    33      
Task 181   99       112        99       67     32      
Task 231   75       -          75       43     32      
Task 73    77       -          79       46     31      
Task 106   98       155        98       67     31      
Task 288   120      -          123      89     31      
Task 318   84       -          84       54     30      
Task 289   92       -          92       63     29      
Task 297   72       -          72       43     29      
Task 10    96       152        96       68     28      
Task 223   79       -          79       51     28      
Task 361   221      -          221      193    28      
Task 258   88       -          91       61     27      
Task 151   134      228        134      108    26      
Task 188   87       87         113      61     26      
Task 267   72       -          72       46     26      
Task 307   75       -          75       50     25      
Task 229   97       -          97       73     24      
Task 45    68       -          70       45     23      
Task 133   321      -          321      298    23      
Task 21    79       88         79       57     22      
Task 194   89       89         120      67     22      
Task 372   69       -          69       48     21      
Task 144   73       -          73       53     20      
Task 227   72       -          72       52     20      
Task 41    67       -          67       49     18      
Task 72    72       72         73       54     18      
Task 235   79       -          79       61     18      
Task 360   62       62         109      45     17      
Task 16    59       59         59       43     16      
Task 114   79       79         107      64     15      
Task 177   66       66         155      51     15      
Task 211   63       -          63       48     15      
Task 292   71       -          72       56     15      
Task 43    70       70         162      56     14      
Task 329   68       68         107      54     14      
Task 315   76       -          76       63     13      
Task 180   91       -          91       79     12      
Task 328   175      -          175      163    12      
Task 375   65       -          66       53     12      
Task 392   161      -          161      149    12      
Task 56    51       51         80       40     11      
Task 39    70       70         249      60     10      
Task 78    70       70         170      60     10      
Task 276   48       -          48       38     10      
Task 103   38       -          38       29     9       
Task 118   280      -          280      271    9       
Task 366   374      -          374      365    9       
Task 385   34       34         111      25     9       
Task 3     66       173        66       58     8       
Task 84    70       70         78       62     8       
Task 262   46       -          46       39     7       
Task 301   38       -          38       31     7       
Task 31    51       51         126      45     6       
Task 26    57       61         57       52     5       
Task 52    45       45         46       40     5       
Task 142   45       -          45       40     5       
Task 152   45       54         45       40     5       
Task 337   51       53         51       46     5       
Task 60    52       52         71       48     4       
Task 173   222      -          222      218    4       
Task 1     61       86         61       58     3       
Task 113   28       32         28       25     3       
Task 129   50       61         50       47     3       
Task 376   33       45         33       30     3       
Task 6     53       53         66       51     2       
Task 326   32       37         32       30     2       
Task 339   39       -          39       37     2       
Task 135   33       41         33       32     1       
Task 157   247      -          247      246    1       
Task 309   39       39         45       38     1       
Task 32    39       39         39       39     0       
Task 53    24       21         24       21     0       
Task 67    33       33         33       33     0       
Task 83    40       40         40       40     0       
Task 87    36       36         36       36     0       
Task 116   20       24         20       20     0       
Task 140   36       -          36       36     0       
Task 150   30       38         30       30     0       
Task 155   18       26         18       18     0       
Task 164   32       40         32       32     0       
Task 172   20       28         20       20     0       
Task 179   21       21         21       21     0       
Task 210   20       -          20       20     0       
Task 241   21       -          21       21     0       
Task 249   26       -          26       26     0       
Task 311   32       37         32       32     0       
Task 380   27       27         27       27     0       
